16,2466665903727	6,71666653951009	12,7200002670288	0,0432344178358714	1158,66666666667	436,056671142578
15,9475002288818	8,05250024795532	12,7200002670288	0,0545026054605842	1170	224,809997558594
17,6266670227051	8,56000010172526	12,7200002670288	0,0616164865593115	1174,66666666667	451,316660563151
21,1824998855591	11,2150001525879	12,7200002670288	0,0758553445339203	1186	262,372505187988
23,9725003242493	11,8250000476837	12,7200002670288	0,087750842794776	1192	419,317520141602
27,6175003051758	12,6849999427795	12,7200002670288	0,0966495871543884	1200	446,825012207031
30,6766668955485	14,039999961853	12,7200002670288	0,117465436458588	1206,66666666667	423,480000813802
35,2350006103516	16,1750004291534	12,7200002670288	0,125286038964987	1216	521,235000610352
37,9933331807454	16,2800000508626	12,7166668574015	0,136283387740453	1222,66666666667	478,756652832031
42,6325006484985	19,6925001144409	12,7125000953674	0,149020232260227	1232	577,657516479492
49,7150001525879	20,4449996948242	12,7125000953674	0,163850147277117	1240	611,137496948242
53,8733329772949	22,4066670735677	12,7133334477743	0,178143148620923	1246,66666666667	559,583333333333
57,5375003814697	25,2575001716614	12,710000038147	0,200824785977602	1256	674,719985961914
61,2366663614909	26,6466668446859	12,710000038147	0,216925506790479	1262,66666666667	615,296671549479
67,0249996185303	28,3874998092651	12,710000038147	0,227653365582228	1270	728,585006713867
72,6233317057292	31,5399996439616	12,710000038147	0,246937657395999	1278,66666666667	1019,61000569661
79,259999593099	33,363333384196	12,7066666285197	0,284414937098821	1286,66666666667	1063,33666992188
87,1450004577637	36,7424993515015	12,7049999237061	0,313171707093716	1296	827,082489013672
93,5600026448568	38,0900001525879	12,7033332188924	0,340843111276627	1302,66666666667	756,123331705729
101,152500152588	42,2500009536743	12,6999998092651	0,370363317430019	1312	891,197479248047
109,157499313354	43,8500003814697	12,6999998092651	0,389538802206516	1320	1235,4075012207
114,820002237956	46,0433336893717	12,6966663996379	0,439450909694036	1326,66666666667	1265,78666178385
122,844999313354	49,5350008010864	12,6949996948242	0,470030151307583	1336	977,675018310547
129,245002746582	50,6675004959106	12,6924996376038	0,498290009796619	1344	1339,82000732422
134,050003051758	53,2800000508626	12,6899995803833	0,505369742711385	1350,66666666667	1368,05000813802
142,052501678467	57,2074995040894	12,6874997615814	0,551640227437019	1360	1056,39999389648
151,466664632161	59,0599988301595	12,6899995803833	0,579886496067047	1366,66666666667	1445,66333007813
162,582496643066	63,5125007629395	12,6825001239777	0,608533978462219	1376	1490,54504394531
171,359995524089	66,0233319600423	12,6800003051758	0,640168170134226	1382,66666666667	1522,22998046875
181,222499847412	69,9675006866455	12,6800003051758	0,714561596512794	1392	1567,79248046875
190,245002746582	73,0025005340576	12,6800003051758	0,751795426011086	1400	1200,21252441406
197,603337605794	75,6466674804688	12,6766668955485	0,808781405289968	1406,66666666667	1636,4033203125
208,432502746582	81,1774978637695	12,6700000762939	0,867948785424232	1416	1679,26998901367
219,126668294271	83,8166656494141	12,6666666666667	0,907818516095479	1422,66666666667	1710,00996907552
227,745002746582	86,5049991607666	12,664999961853	0,964655131101608	1430	1742,66500854492
241,494998931885	92,0599994659424	12,6599998474121	1,05014097690582	1440	1789,10998535156
251,626668294271	94,6800003051758	12,6566664377848	1,07876932621002	1446,66666666667	1799,83329264323
264,012496948242	99,5750007629395	12,6549997329712	1,15763005614281	1456	1842,4700012207
273,789998372396	102,176666259766	12,6466665267944	1,19017851352692	1462,66666666667	1888,05334472656
283,219993591309	104,965000152588	12,6474997997284	1,23871812224388	1470	1914,03247070313
293,896667480469	109,86666615804	12,6433334350586	1,29311549663544	1478,66666666667	1946,693359375
306,349998474121	115,097501754761	12,6350002288818	1,38972347974777	1488	1985,19747924805
318,210006713867	118,234998703003	12,6325001716614	1,43865218758583	1496	2017,75500488281
327,856669108073	121,25666809082	12,6300001144409	1,51277490456899	1502,66666666667	2049,08662923177
339,727500915527	126,260000228882	12,625	1,54692327976227	1512	2061,29998779297
349,372489929199	130,262500762939	12,6199998855591	1,68323901295662	1520	2085,92248535156
358,933329264323	133,696665445964	12,6133330663045	1,73315989971161	1526,66666666667	2131,00008138021
370,89249420166	137,685001373291	12,6074998378754	1,8382953107357	1536	2189,24755859375
382,594993591309	141,002498626709	12,6000003814697	1,85834681987762	1544	2226,00500488281
396,386657714844	144,306666056315	12,5933335622152	1,9665408929189	1550,66666666667	2245,48665364583
411,117492675781	151,417503356934	12,5950002670288	2,05447670817375	1560	2281,11499023438
425,855003356934	155,090003967285	12,585000038147	2,1514807343483	1568	2311,63751220703
440,516672770182	158,959996541341	12,5833333333333	2,24547108014425	1574,66666666667	2338,7666015625
456,514999389648	164,834999084473	12,5749998092651	2,30300027132034	1584	2375,57000732422
466,056671142578	168,989995320638	12,5666666030884	2,43881567319234	1590,66666666667	2401,99332682292
473,214996337891	173,367500305176	12,5625	2,44636380672455	1600	2436,29498291016
475,800003051758	174,89750289917	12,5550003051758	2,54967111349106	1608	2464,20751953125
484,753336588542	179,423334757487	12,5466667811076	2,73345033327738	1614,66666666667	2497,01668294271
498,880004882813	185,049999237061	12,5450000762939	2,75719553232193	1624	2534,88745117188
506,893330891927	189,00666809082	12,539999961853	2,8638912041982	1630,66666666667	2551,71329752604
524,637512207031	193,737499237061	12,5325000286102	2,94011741876602	1638	2576,43499755859
549,190017700195	199,787498474121	12,5250000953674	3,07923519611359	1648	2616,58746337891
567,30332438151	205,863337198893	12,5166670481364	3,28951152165731	1654,66666666667	2618,46329752604
582,549987792969	212,587501525879	12,5025000572205	3,40251457691193	1664	2654,61749267578
601,969991048177	216,183334350586	12,5	3,48010627428691	1670,66666666667	2686,93334960938
615,09748840332	221,062503814697	12,4899997711182	3,51520454883575	1680	2733,92254638672
623,904998779297	225,570003509521	12,4824998378754	3,65639865398407	1688	2771,39495849609
645,783325195313	229,716669718424	12,4799998601278	3,70936274528503	1694,66666666667	2795,13338216146
666,022491455078	236,247501373291	12,4650001525879	3,97069215774536	1704	2820,59503173828
671,047500610352	239,547496795654	12,460000038147	4,06967955827713	1712	2852,82495117188
697,716654459635	243,556666056315	12,4499998092651	4,21608320871989	1718,66666666667	2875,67342122396
716,594985961914	248,529998779297	12,4399998188019	4,28732073307037	1728	2898,85998535156
728,327499389648	254,41499710083	12,4349999427795	4,35118126869202	1736	2919,05999755859
734,189982096354	258,059997558594	12,4233334859212	4,49349784851074	1742,66666666667	2944,48331705729
752,855010986328	264,649993896484	12,414999961853	4,66824698448181	1752	2973,29748535156
771,993326822917	270,876668294271	12,4033330281576	4,84830331802368	1758,66666666667	2994,77001953125
770,002487182617	279,01749420166	12,3875002861023	5,01709127426147	1768	3013,2724609375
783,483317057292	279,076670328776	12,3866669336955	4,99437920252482	1774,66666666667	3053,5
807,65998840332	283,012504577637	12,375	5,23737347126007	1784	3098,16003417969
824,84748840332	288,214996337891	12,3600001335144	5,46153593063354	1792	3119,04998779297
833,84999593099	296,419993082682	12,3466669718424	5,61799065272013	1798,66666666667	3139,22330729167
850,635009765625	300,36499786377	12,3475000858307	5,66902196407318	1808	3170,83245849609
852,720011393229	297,65000406901	12,3433335622152	5,67543983459473	1814,66666666667	3174,13663736979
867,579986572266	302,744995117188	12,3375000953674	5,83329737186432	1822	3161,3125
886,834991455078	312,910003662109	12,3200001716614	6,04612803459167	1832	3202,73754882813
908,693339029948	319,183329264323	12,3066670099894	6,13726902008057	1838,66666666667	3203,52327473958
910,802520751953	319,252494812012	12,2975001335144	6,3428635597229	1848	3260,9375
